0 5 1
1 5 1
2 5 1
3 5 1
4 5 1
5 5 1
6 5 1
7 5 1
8 5 1
9 5 1
10 5 1
11 5 1
12 5 1
13 5 1
14 5 1
15 5 1
16 5 1

0 6 1
0 7 1
1 6 1
1 7 1

2 6 1
2 7 1
2 8 1

2 10 1
2 11 1
2 12 1
2 13 1
2 14 1
2 15 1

3 15 1
4 15 1
5 15 1
6 15 1
7 15 1
8 15 1
9 15 1
10 15 1
11 15 1
12 15 1
13 15 1
14 15 1
15 15 1
16 15 1
17 15 1
18 15 1
19 15 1
20 15 1
21 15 1
22 15 1
23 15 1
24 15 1
25 15 1
26 15 1

21 14 1
21 13 1
21 12 1
21 11 1
21 10 1
21 9 1
21 8 1
21 7 1
22 7 1
23 7 1
24 7 1
25 7 1
26 7 1
27 7 1
28 7 1
29 7 1

31 11 1
30 11 1
29 11 1
28 11 1
27 11 1
26 11 1
25 11 1
